2006,03.22	05.73	17.97
2006,03.23	05.70	18.00
2006,03.24	05.67	18.02
2006,03.25	05.65	18.03
2006,03.26	05.62	18.05
2006,03.27	05.58	18.07
2006,03.28	05.55	18.08
2006,03.29	05.53	18.10
2006,03.30	05.50	18.12
2006,03.31	05.47	18.15
2006,04.01	05.45	18.17
2006,04.02	05.42	18.18
2006,04.03	05.38	18.20
2006,04.04	05.35	18.22
2006,04.05	05.33	18.23
2006,04.06	05.30	18.25
2006,04.07	05.27	18.27
2006,04.08	05.25	18.30
2006,04.09	05.22	18.32
2006,04.10	05.18	18.33
2006,04.11	05.17	18.35
2006,04.12	05.13	18.37
2006,04.13	05.10	18.38
2006,04.14	05.08	18.40
2006,04.15	05.05	18.43
2006,04.16	05.02	18.45
2006,04.17	05.00	18.47
2006,04.18	04.97	18.48
2006,04.19	04.95	18.50
2006,04.20	04.92	18.52
2006,04.21	04.90	18.53
2006,04.22	04.87	18.55
2006,04.23	04.85	18.58
2006,04.24	04.82	18.60
2006,04.25	04.80	18.62
2006,04.26	04.77	18.63
2006,04.27	04.75	18.65
2006,04.28	04.72	18.67
2006,04.29	04.70	18.68
2006,04.30	04.68	18.70
2006,05.01	04.65	18.73
2006,05.02	04.63	18.75
2006,05.03	04.62	18.77
2006,05.04	04.58	18.78
2006,05.05	04.57	18.80
2006,05.06	04.55	18.82
2006,05.07	04.52	18.83
2006,05.08	04.50	18.85
2006,05.09	04.48	18.87
2006,05.10	04.47	18.88
2006,05.11	04.45	18.90
2006,05.12	04.43	18.93
2006,05.13	04.42	18.95
2006,05.14	04.40	18.97
2006,05.15	04.37	18.98
2006,05.16	04.35	19.00
2006,05.17	04.35	19.02
2006,05.18	04.33	19.03
2006,05.19	04.32	19.05
2006,05.20	04.30	19.07
2006,05.21	04.28	19.08
2006,05.22	04.27	19.10
2006,05.23	04.25	19.12
2006,05.24	04.25	19.12
2006,05.25	04.23	19.13
2006,05.26	04.22	19.15
2006,05.27	04.20	19.17
2006,05.28	04.20	19.18
2006,05.29	04.18	19.20
2006,05.30	04.18	19.22
2006,05.31	04.17	19.22
2006,06.01	04.17	19.23
2006,06.02	04.15	19.25
2006,06.03	04.15	19.27
2006,06.04	04.13	19.27
2006,06.05	04.13	19.28
2006,06.06	04.13	19.30
2006,06.07	04.12	19.30
2006,06.08	04.12	19.32
2006,06.09	04.12	19.33
2006,06.10	04.12	19.33
2006,06.11	04.12	19.35
2006,06.12	04.12	19.35
2006,06.13	04.10	19.37
2006,06.14	04.10	19.37
2006,06.15	04.10	19.38
2006,06.16	04.10	19.38
2006,06.17	04.10	19.38
2006,06.18	04.12	19.40
2006,06.19	04.12	19.40
2006,06.20	04.12	19.40
2006,06.21	04.12	19.40
2006,06.22	04.12	19.42
2006,06.23	04.13	19.42
2006,06.24	04.13	19.42
2006,06.25	04.13	19.42
2006,06.26	04.15	19.42
2006,06.27	04.15	19.42
2006,06.28	04.15	19.42
2006,06.29	04.17	19.42
2006,06.30	04.17	19.42
2006,07.01	04.18	19.42
2006,07.02	04.18	19.40
2006,07.03	04.20	19.40
2006,07.04	04.20	19.40
2006,07.05	04.22	19.40
2006,07.06	04.23	19.38
2006,07.07	04.23	19.38
2006,07.08	04.25	19.38
2006,07.09	04.27	19.37
2006,07.10	04.27	19.37
2006,07.11	04.28	19.35
2006,07.12	04.30	19.35
2006,07.13	04.32	19.33
2006,07.14	04.32	19.33
2006,07.15	04.33	19.32
2006,07.16	04.35	19.30
2006,07.17	04.37	19.30
2006,07.18	04.38	19.28
2006,07.19	04.40	19.27
2006,07.20	04.42	19.25
2006,07.21	04.43	19.25
2006,07.22	04.43	19.23
2006,07.23	04.45	19.22
2006,07.24	04.47	19.20
2006,07.25	04.48	19.18
2006,07.26	04.50	19.17
2006,07.27	04.52	19.15
2006,07.28	04.53	19.13
2006,07.29	04.55	19.12
2006,07.30	04.57	19.10
2006,07.31	04.58	19.08
2006,08.01	04.60	19.07
2006,08.02	04.62	19.03
2006,08.03	04.63	19.02
2006,08.04	04.65	19.00
2006,08.05	04.67	18.98
2006,08.06	04.68	18.95
2006,08.07	04.72	18.93
2006,08.08	04.73	18.92
2006,08.09	04.75	18.90
2006,08.10	04.77	18.87
2006,08.11	04.78	18.85
2006,08.12	04.80	18.82
2006,08.13	04.82	18.80
2006,08.14	04.83	18.78
2006,08.15	04.85	18.75
2006,08.16	04.87	18.73
2006,08.17	04.88	18.70
2006,08.18	04.90	18.68
2006,08.19	04.92	18.65
2006,08.20	04.93	18.63
2006,08.21	04.95	18.60
2006,08.22	04.97	18.57
2006,08.23	04.98	18.55
2006,08.24	05.00	18.52
2006,08.25	05.03	18.50
2006,08.26	05.05	18.47
2006,08.27	05.07	18.43
2006,08.28	05.08	18.42
2006,08.29	05.10	18.38
2006,08.30	05.12	18.35
2006,08.31	05.13	18.33
2006,09.01	05.15	18.30
2006,09.02	05.17	18.27
2006,09.03	05.18	18.25
2006,09.04	05.20	18.22
2006,09.05	05.22	18.18
2006,09.06	05.23	18.15
2006,09.07	05.25	18.13
2006,09.08	05.27	18.10
2006,09.09	05.28	18.07
2006,09.10	05.30	18.05
2006,09.11	05.32	18.02
2006,09.12	05.35	17.98
2006,09.13	05.37	17.95
2006,09.14	05.38	17.93
2006,09.15	05.40	17.90
2006,09.16	05.42	17.87
2006,09.17	05.43	17.83
2006,09.18	05.45	17.80
2006,09.19	05.47	17.78
2006,09.20	05.48	17.75
2006,09.21	05.50	17.72
2006,09.22	05.52	17.68
2006,09.23	05.53	17.67
2006,09.24	05.55	17.63
2006,09.25	05.57	17.60
2006,09.26	05.58	17.57
2006,09.27	05.62	17.55
2006,09.28	05.63	17.52
2006,09.29	05.65	17.48
2006,09.30	05.67	17.45
2006,10.01	05.68	17.43
2006,10.02	05.70	17.40
2006,10.03	05.72	17.37
2006,10.04	05.73	17.33
2006,10.05	05.75	17.32
2006,10.06	05.77	17.28
2006,10.07	05.80	17.25
2006,10.08	05.82	17.23
2006,10.09	05.83	17.20
2006,10.10	05.85	17.17
2006,10.11	05.87	17.15
2006,10.12	05.88	17.12
2006,10.13	05.90	17.08
2006,10.14	05.93	17.07
2006,10.15	05.95	17.03
2006,10.16	05.97	17.00
2006,10.17	05.98	16.98
2006,10.18	06.00	16.95
2006,10.19	06.02	16.93
2006,10.20	06.05	16.90
2006,10.21	06.07	16.88
2006,10.22	06.08	16.85
2006,10.23	06.10	16.83
2006,10.24	06.12	16.80
2006,10.25	06.15	16.78
2006,10.26	06.17	16.75
2006,10.27	06.18	16.73
2006,10.28	06.20	16.72
2006,10.29	06.22	16.68
2006,10.30	06.25	16.67
2006,10.31	06.27	16.65
2006,11.01	06.28	16.62
2006,11.02	06.30	16.60
2006,11.03	06.33	16.58
2006,11.04	06.35	16.57
2006,11.05	06.37	16.53
2006,11.06	06.38	16.52
2006,11.07	06.42	16.50
2006,11.08	06.43	16.48
2006,11.09	06.45	16.47
2006,11.10	06.47	16.45
2006,11.11	06.50	16.43
2006,11.12	06.52	16.42
2006,11.13	06.53	16.40
2006,11.14	06.55	16.38
2006,11.15	06.58	16.37
2006,11.16	06.60	16.35
2006,11.17	06.62	16.33
2006,11.18	06.63	16.32
2006,11.19	06.67	16.32
2006,11.20	06.68	16.30
2006,11.21	06.70	16.28
2006,11.22	06.72	16.28
2006,11.23	06.73	16.27
2006,11.24	06.77	16.25
2006,11.25	06.78	16.25
2006,11.26	06.80	16.23
2006,11.27	06.82	16.23
2006,11.28	06.83	16.22
2006,11.29	06.85	16.22
2006,11.30	06.87	16.22
2006,12.01	06.88	16.20
2006,12.02	06.92	16.20
2006,12.03	06.93	16.20
2006,12.04	06.95	16.20
2006,12.05	06.97	16.18
2006,12.06	06.98	16.18
2006,12.07	06.98	16.18
2006,12.08	07.00	16.18
2006,12.09	07.02	16.18
2006,12.10	07.03	16.18
2006,12.11	07.05	16.18
2006,12.12	07.07	16.18
2006,12.13	07.08	16.20
2006,12.14	07.08	16.20
2006,12.15	07.10	16.20
2006,12.16	07.12	16.20
2006,12.17	07.12	16.22
2006,12.18	07.13	16.22
2006,12.19	07.15	16.22
2006,12.20	07.15	16.23
2006,12.21	07.17	16.23
2006,12.22	07.17	16.25
2006,12.23	07.18	16.25
2006,12.24	07.18	16.27
2006,12.25	07.20	16.28
2006,12.26	07.20	16.28
2006,12.27	07.20	16.30
2006,12.28	07.20	16.32
2006,12.29	07.22	16.32
2006,12.30	07.22	16.33
2006,12.31	07.22	16.35
2007,01.01	07.22	16.37
2007,01.02	07.22	16.38
2007,01.03	07.22	16.40
2007,01.04	07.22	16.42
2007,01.05	07.22	16.42
2007,01.06	07.22	16.43
2007,01.07	07.22	16.45
2007,01.08	07.22	16.47
2007,01.09	07.22	16.50
2007,01.10	07.20	16.52
2007,01.11	07.20	16.53
2007,01.12	07.20	16.55
2007,01.13	07.18	16.57
2007,01.14	07.18	16.58
2007,01.15	07.18	16.60
2007,01.16	07.17	16.62
2007,01.17	07.17	16.65
2007,01.18	07.15	16.67
2007,01.19	07.15	16.68
2007,01.20	07.13	16.70
2007,01.21	07.12	16.73
2007,01.22	07.12	16.75
2007,01.23	07.10	16.77
2007,01.24	07.08	16.78
2007,01.25	07.07	16.82
2007,01.26	07.05	16.83
2007,01.27	07.05	16.85
2007,01.28	07.03	16.87
2007,01.29	07.02	16.90
2007,01.30	07.00	16.92
2007,01.31	06.98	16.93
2007,02.01	06.97	16.97
2007,02.02	06.95	16.98
2007,02.03	06.93	17.00
2007,02.04	06.92	17.03
2007,02.05	06.90	17.05
2007,02.06	06.87	17.07
2007,02.07	06.85	17.08
2007,02.08	06.83	17.12
2007,02.09	06.82	17.13
2007,02.10	06.80	17.15
2007,02.11	06.77	17.18
2007,02.12	06.75	17.20
2007,02.13	06.73	17.22
2007,02.14	06.70	17.25
2007,02.15	06.68	17.27
2007,02.16	06.65	17.28
2007,02.17	06.63	17.30
2007,02.18	06.62	17.33
2007,02.19	06.58	17.35
2007,02.20	06.57	17.37
2007,02.21	06.53	17.38
2007,02.22	06.52	17.42
2007,02.23	06.48	17.43
2007,02.24	06.47	17.45
2007,02.25	06.43	17.47
2007,02.26	06.42	17.50
2007,02.27	06.38	17.52
2007,02.28	06.35	17.53
2007,03.01	06.33	17.55
2007,03.02	06.30	17.58
2007,03.03	06.28	17.60
2007,03.04	06.25	17.62
2007,03.05	06.22	17.63
2007,03.06	06.20	17.65
2007,03.07	06.17	17.68
2007,03.08	06.13	17.70
2007,03.09	06.12	17.72
2007,03.10	06.08	17.73
2007,03.11	06.05	17.75
2007,03.12	06.03	17.78
2007,03.13	06.00	17.80
2007,03.14	05.97	17.82
2007,03.15	05.93	17.83
2007,03.16	05.92	17.85
2007,03.17	05.88	17.87
2007,03.18	05.85	17.90
2007,03.19	05.83	17.92
2007,03.20	05.80	17.93
2007,03.21	05.77	17.95
2007,03.22	05.73	17.97
2007,03.23	05.72	17.98
2007,03.24	05.68	18.00
2007,03.25	05.65	18.03
2007,03.26	05.62	18.05
2007,03.27	05.60	18.07
2007,03.28	05.57	18.08
2007,03.29	05.53	18.10
2007,03.30	05.50	18.12
2007,03.31	05.48	18.13
2007,04.01	05.45	18.15
2007,04.02	05.42	18.18
2007,04.03	05.40	18.20
2007,04.04	05.37	18.22
2007,04.05	05.33	18.23
2007,04.06	05.30	18.25
2007,04.07	05.28	18.27
2007,04.08	05.25	18.28
2007,04.09	05.22	18.30
2007,04.10	05.20	18.33
2007,04.11	05.17	18.35
2007,04.12	05.13	18.37
2007,04.13	05.12	18.38
2007,04.14	05.08	18.40
2007,04.15	05.05	18.42
2007,04.16	05.03	18.43
2007,04.17	05.00	18.47
2007,04.18	04.98	18.48
2007,04.19	04.95	18.50
2007,04.20	04.93	18.52
2007,04.21	04.90	18.53
2007,04.22	04.88	18.55
2007,04.23	04.85	18.57
2007,04.24	04.83	18.58
2007,04.25	04.80	18.62
2007,04.26	04.78	18.63
2007,04.27	04.75	18.65
2007,04.28	04.73	18.67
2007,04.29	04.70	18.68
2007,04.30	04.68	18.70
2007,05.01	04.67	18.72
2007,05.02	04.63	18.73
2007,05.03	04.62	18.77
2007,05.04	04.60	18.78
2007,05.05	04.57	18.80
2007,05.06	04.55	18.82
2007,05.07	04.53	18.83
2007,05.08	04.52	18.85
2007,05.09	04.48	18.87
2007,05.10	04.47	18.88
2007,05.11	04.45	18.90
2007,05.12	04.43	18.92
2007,05.13	04.42	18.93
2007,05.14	04.40	18.95
2007,05.15	04.38	18.97
2007,05.16	04.37	18.98
2007,05.17	04.35	19.00
2007,05.18	04.33	19.02
2007,05.19	04.32	19.03
2007,05.20	04.30	19.05
2007,05.21	04.28	19.07
2007,05.22	04.27	19.08
2007,05.23	04.25	19.10
2007,05.24	04.25	19.12
2007,05.25	04.23	19.13
2007,05.26	04.22	19.15
2007,05.27	04.22	19.17
2007,05.28	04.20	19.18
2007,05.29	04.18	19.20
2007,05.30	04.18	19.20
2007,05.31	04.17	19.22
2007,06.01	04.17	19.23
2007,06.02	04.15	19.25
2007,06.03	04.15	19.27
2007,06.04	04.13	19.27
2007,06.05	04.13	19.28
2007,06.06	04.13	19.30
2007,06.07	04.12	19.30
2007,06.08	04.12	19.32
2007,06.09	04.12	19.32
2007,06.10	04.12	19.33
2007,06.11	04.12	19.35
2007,06.12	04.12	19.35
2007,06.13	04.10	19.37
2007,06.14	04.10	19.37
2007,06.15	04.10	19.37
2007,06.16	04.10	19.38
2007,06.17	04.10	19.38
2007,06.18	04.12	19.40
2007,06.19	04.12	19.40
2007,06.20	04.12	19.40
2007,06.21	04.12	19.40
2007,06.22	04.12	19.40
2007,06.23	04.12	19.42
2007,06.24	04.13	19.42
2007,06.25	04.13	19.42
2007,06.26	04.13	19.42
2007,06.27	04.15	19.42
2007,06.28	04.15	19.42
2007,06.29	04.17	19.42
2007,06.30	04.17	19.42
